187 251
32 32 32
                                                                                                                                                                                       
2 1 0 32 64 XOR
2 1 0 32 65 AND
2 1 1 65 66 XOR
2 1 33 65 67 XOR
2 1 1 67 68 XOR
2 1 66 67 69 AND
2 1 65 69 70 XOR
2 1 2 70 71 XOR
2 1 34 70 72 XOR
2 1 2 72 73 XOR
2 1 71 72 74 AND
2 1 70 74 75 XOR
2 1 3 75 76 XOR
2 1 35 75 77 XOR
2 1 3 77 78 XOR
2 1 76 77 79 AND
2 1 75 79 80 XOR
2 1 4 80 81 XOR
2 1 36 80 82 XOR
2 1 4 82 83 XOR
2 1 81 82 84 AND
2 1 80 84 85 XOR
2 1 5 85 86 XOR
2 1 37 85 87 XOR
2 1 5 87 88 XOR
2 1 86 87 89 AND
2 1 85 89 90 XOR
2 1 6 90 91 XOR
2 1 38 90 92 XOR
2 1 6 92 93 XOR
2 1 91 92 94 AND
2 1 90 94 95 XOR
2 1 7 95 96 XOR
2 1 39 95 97 XOR
2 1 7 97 98 XOR
2 1 96 97 99 AND
2 1 95 99 100 XOR
2 1 8 100 101 XOR
2 1 40 100 102 XOR
2 1 8 102 103 XOR
2 1 101 102 104 AND
2 1 100 104 105 XOR
2 1 9 105 106 XOR
2 1 41 105 107 XOR
2 1 9 107 108 XOR
2 1 106 107 109 AND
2 1 105 109 110 XOR
2 1 10 110 111 XOR
2 1 42 110 112 XOR
2 1 10 112 113 XOR
2 1 111 112 114 AND
2 1 110 114 115 XOR
2 1 11 115 116 XOR
2 1 43 115 117 XOR
2 1 11 117 118 XOR
2 1 116 117 119 AND
2 1 115 119 120 XOR
2 1 12 120 121 XOR
2 1 44 120 122 XOR
2 1 12 122 123 XOR
2 1 121 122 124 AND
2 1 120 124 125 XOR
2 1 13 125 126 XOR
2 1 45 125 127 XOR
2 1 13 127 128 XOR
2 1 126 127 129 AND
2 1 125 129 130 XOR
2 1 14 130 131 XOR
2 1 46 130 132 XOR
2 1 14 132 133 XOR
2 1 131 132 134 AND
2 1 130 134 135 XOR
2 1 15 135 136 XOR
2 1 47 135 137 XOR
2 1 15 137 138 XOR
2 1 136 137 139 AND
2 1 135 139 140 XOR
2 1 16 140 141 XOR
2 1 48 140 142 XOR
2 1 16 142 143 XOR
2 1 141 142 144 AND
2 1 140 144 145 XOR
2 1 17 145 146 XOR
2 1 49 145 147 XOR
2 1 17 147 148 XOR
2 1 146 147 149 AND
2 1 145 149 150 XOR
2 1 18 150 151 XOR
2 1 50 150 152 XOR
2 1 18 152 153 XOR
2 1 151 152 154 AND
2 1 150 154 155 XOR
2 1 19 155 156 XOR
2 1 51 155 157 XOR
2 1 19 157 158 XOR
2 1 156 157 159 AND
2 1 155 159 160 XOR
2 1 20 160 161 XOR
2 1 52 160 162 XOR
2 1 20 162 163 XOR
2 1 161 162 164 AND
2 1 160 164 165 XOR
2 1 21 165 166 XOR
2 1 53 165 167 XOR
2 1 21 167 168 XOR
2 1 166 167 169 AND
2 1 165 169 170 XOR
2 1 22 170 171 XOR
2 1 54 170 172 XOR
2 1 22 172 173 XOR
2 1 171 172 174 AND
2 1 170 174 175 XOR
2 1 23 175 176 XOR
2 1 55 175 177 XOR
2 1 23 177 178 XOR
2 1 176 177 179 AND
2 1 175 179 180 XOR
2 1 24 180 181 XOR
2 1 56 180 182 XOR
2 1 24 182 183 XOR
2 1 181 182 184 AND
2 1 180 184 185 XOR
2 1 25 185 186 XOR
2 1 57 185 187 XOR
2 1 25 187 188 XOR
2 1 186 187 189 AND
2 1 185 189 190 XOR
2 1 26 190 191 XOR
2 1 58 190 192 XOR
2 1 26 192 193 XOR
2 1 191 192 194 AND
2 1 190 194 195 XOR
2 1 27 195 196 XOR
2 1 59 195 197 XOR
2 1 27 197 198 XOR
2 1 196 197 199 AND
2 1 195 199 200 XOR
2 1 28 200 201 XOR
2 1 60 200 202 XOR
2 1 28 202 203 XOR
2 1 201 202 204 AND
2 1 200 204 205 XOR
2 1 29 205 206 XOR
2 1 61 205 207 XOR
2 1 29 207 208 XOR
2 1 206 207 209 AND
2 1 205 209 210 XOR
2 1 30 210 211 XOR
2 1 62 210 212 XOR
2 1 30 212 213 XOR
2 1 211 212 214 AND
2 1 210 214 215 XOR
2 1 215 63 216 XOR
2 1 216 31 217 XOR
2 1 0 0 218 XOR
2 1 218 64 219 XOR
2 1 218 68 220 XOR
2 1 218 73 221 XOR
2 1 218 78 222 XOR
2 1 218 83 223 XOR
2 1 218 88 224 XOR
2 1 218 93 225 XOR
2 1 218 98 226 XOR
2 1 218 103 227 XOR
2 1 218 108 228 XOR
2 1 218 113 229 XOR
2 1 218 118 230 XOR
2 1 218 123 231 XOR
2 1 218 128 232 XOR
2 1 218 133 233 XOR
2 1 218 138 234 XOR
2 1 218 143 235 XOR
2 1 218 148 236 XOR
2 1 218 153 237 XOR
2 1 218 158 238 XOR
2 1 218 163 239 XOR
2 1 218 168 240 XOR
2 1 218 173 241 XOR
2 1 218 178 242 XOR
2 1 218 183 243 XOR
2 1 218 188 244 XOR
2 1 218 193 245 XOR
2 1 218 198 246 XOR
2 1 218 203 247 XOR
2 1 218 208 248 XOR
2 1 218 213 249 XOR
2 1 218 217 250 XOR
